#Blue Deck, with Persusasion
#28 Islands
176428
176428
176428
176428
176428
176428
176428
158237
158237
158237
158237
158237
158237
158237
157875
157875
157875
157875
157875
157875
157875
157883
157883
157883
157883
157883
157883
157883
#4persusasion
129900
129900
129900
129900
#4Boomerang
129494
129494
129494
129494
#2Lord of Atlantis
1206
1206
#2Merfolk
1210
1210
#4Gravelgill
141935
141935
141935
141935
#4Unsummon
136218
136218
136218
136218
#4Counsel of the Soratami
134757
134757
134757
134757
#2Air Elemental
129459
129459
#2 Mahamoti djinn
129633
129633